Password = Senha.123
Skin = 20
Money = 500
Score = 0
PosX = 2092.70605468
PosY = -1393.25244140
PosZ = 23.99612236
PosA = 217.61514282
Interior = 0
VW = 0
