Password = senha.12
Skin = 20
Money = 500
Score = 0
PosX = 2312.23828125
PosY = -1738.97924804
PosZ = 13.38281250
PosA = 256.13095092
Interior = 0
VW = 0
