Password = combat.13
Skin = 20
Money = 500
Score = 0
PosX = 2072.50878906
PosY = -1744.62890625
PosZ = 13.54850292
PosA = 343.60693359
Interior = 0
VW = 0
