Password = senha.12
Skin = 1
Money = 1000000
Score = 0
PosX = 1086.43286132
PosY = -1704.82177734
PosZ = 13.54687500
PosA = 244.63835144
Interior = 0
VW = 0
