Password = combat.13
Skin = 20
Money = 999999
Score = 0
PosX = 1302.59741210
PosY = -1565.84777832
PosZ = 13.10881137
PosA = 0.61069750
Interior = 0
VW = 0
