Password = senha.12
Skin = 20
Money = 500
Score = 0
PosX = 1545.55102539
PosY = -1718.69592285
PosZ = 13.44175815
PosA = 8.50043296
Interior = 0
VW = 0
