Password = senha.12
Skin = 20
Money = 99999999
Score = 0
PosX = 1103.34631347
PosY = -1376.07678222
PosZ = 14.28125000
PosA = 323.95645141
Interior = 0
VW = 0
