Password = senha.12
Skin = 20
Money = 500
Score = 0
PosX = 2941.05517578
PosY = -2053.26367187
PosZ = 3.54804325
PosA = 100.64274597
Interior = 0
VW = 0
