Password = senha.12
Skin = 20
Money = 500
Score = 0
PosX = 1401.29833984
PosY = -1742.56567382
PosZ = 13.54687500
PosA = 109.79690551
Interior = 0
VW = 0
