Password = senha.12
Skin = 21
Money = 500
Score = 0
PosX = 2206.55981445
PosY = -1392.80004882
PosZ = 23.98437500
PosA = 249.35145568
Interior = 0
VW = 0
