Password = senha.12
Skin = 1
Money = 50000
Score = 0
PosX = 1912.26086425
PosY = -1802.92468261
PosZ = 13.54687500
PosA = 267.77941894
Interior = 0
VW = 0
