Password = senha.12
Skin = 97
Money = 500
Score = 0
PosX = 2076.00000000
PosY = -1758.00000000
PosZ = 13.55588817
PosA = 294.00000000
Interior = 0
VW = 0
