Password = senha.12
Skin = 189
Money = 500
Score = 0
PosX = 1405.39929199
PosY = -1879.74707031
PosZ = 13.54687500
PosA = 267.85797119
Interior = 0
VW = 0
