Password = senha.12
Skin = 20
Money = 50000
Score = 0
PosX = 1562.95874023
PosY = -1740.29248046
PosZ = 13.54687500
PosA = 319.64227294
Interior = 0
VW = 0
