Password = Senha.123
Skin = 20
Money = 500
Score = 0
PosX = 1941.63513183
PosY = -1769.44641113
PosZ = 13.43963050
PosA = 281.60748291
Interior = 0
VW = 0
