Password = Senha.123
Skin = 18
Money = 0
Score = 0
PosX = 2278.18676757
PosY = -1749.67553710
PosZ = 13.38281250
PosA = 107.63130950
Interior = 0
VW = 0
