Password = Senha.123
Skin = 18
Money = 500
Score = 0
PosX = 2189.10937500
PosY = -1740.71179199
PosZ = 13.37500000
PosA = 41.45068359
Interior = 0
VW = 0
