Password = senha.12
Skin = 0
Money = 0
Score = 0
PosX = 1232.22045898
PosY = -1286.67333984
PosZ = 13.55472183
PosA = 1.10482132
Interior = 0
VW = 0
